Age,Plat,Plon,Theta 95,max lat,min lat,max lon,min lon
1.0,-90.0,-0.0,0.0,-90.0,-90.0,0.0,0.0
2.0,-88.57932594884042,-47.6996706626275,1.857618859822434,-90.0,-86.73731113240154,-169.05414283691283,151.1826414585563
3.0,-87.96574000658421,-45.56359177339145,1.7506140893678774,-89.63999807685781,-86.30641762368934,-103.7454605544657,9.540156042236688
4.0,-87.81525748778401,-40.8030560687958,1.7810157250343754,-89.28255711528462,-86.10171045270107,-95.0576156593599,8.89852124111661
5.0,-87.56540800711313,-38.31569778858476,1.913601908305772,-89.47874789997913,-85.72398659476697,-84.3354062102461,7.307018691131084
6.0,-87.2438699748279,-36.99601158555221,1.9031971586098868,-88.9628172605484,-85.5540147582958,-75.62782620866363,-3.136420191551565
7.0,-87.05464547387591,-31.403086001909593,2.0314158800540976,-88.83106387151842,-85.07711545918336,-74.45914331412826,7.492888230794653
8.0,-86.69143283595166,-27.500074623790017,2.1073180502540314,-88.40327754733612,-84.79053797140894,-63.64737276194569,9.842134576026702
9.0,-86.45908619560481,-25.102272809205484,2.4928615665986285,-88.71343095344096,-84.05243717702923,-61.83574950279677,13.938774737885055
10.0,-86.01529410168867,-19.58247031222191,2.5484629862725208,-88.52832850456412,-83.68122697541598,-50.040199405714816,7.841777650275041
11.0,-85.68128018443343,-19.52035694539283,2.972986306946675,-88.40985536321111,-83.10222084554103,-60.920197193956824,13.78249638181163
12.0,-85.41576680699532,-17.98237478682689,2.7846485102973597,-87.72653666757645,-82.67201931614048,-53.98354193485562,16.809703863158287
13.0,-84.78503753615979,-17.319883554987257,3.338135879891695,-87.9130025848203,-81.55322478852739,-48.52793382009611,15.3443968424545
14.0,-84.4430451460656,-16.96605659287362,3.3665642677997214,-87.59633440628718,-81.0938952043969,-49.91709901864806,13.057766704022258
15.0,-84.06003974773141,-15.521104584308357,3.320784378638101,-87.03979012410318,-80.87989508211494,-39.79649348939017,11.077096745323582
16.0,-83.87288561415585,-15.089730162459443,3.197209617922273,-86.84583351531477,-80.93778573106738,-39.514393764896,10.798511471607172
17.0,-83.57643871701612,-15.604231293082668,3.085324679156472,-86.58720126631847,-80.73798510447999,-44.281594230074745,10.93688300340388
18.0,-83.22106872015515,-13.67723966722329,3.3017791489113137,-86.4221240384831,-80.06354113776084,-38.339628505703445,11.703247854004294
19.0,-83.0837939448984,-14.598933800688057,3.047507623186446,-85.9102452444013,-80.28519205150945,-39.01563042385891,7.898371078782411
20.0,-82.80710212194758,-13.006838253980778,3.1898225430071876,-85.89715705625403,-79.7828726643041,-35.428937837001854,8.960147085192144
21.0,-82.51239759202295,-12.59940196973071,3.155351403825123,-85.456333828809,-79.56831586578868,-33.187057048113275,10.667285948842963
22.0,-82.41031422039204,-11.09019133996116,3.059370354237303,-85.31368306238467,-79.41244552260979,-31.70720360227574,11.500767503527387
23.0,-82.1511143978059,-11.177954622626038,3.135680838390716,-85.21267994721605,-79.11887877572357,-31.184316481116184,11.696095002328544
24.0,-81.80207063975824,-10.858687723722522,3.1080961029347116,-84.83824651534171,-78.86093550280921,-31.167467610827146,9.590413340631516
25.0,-81.57134971566813,-10.455214070649713,2.9357353444122265,-84.47310169290517,-78.6647479132963,-28.89436957431576,9.331711375725266
26.0,-81.28348334663283,-10.83425620052976,2.9664290887745146,-84.18752204602669,-78.39482531461884,-27.408087904288436,3.8870624951517807
27.0,-80.9214088190522,-10.431863869465829,2.74526332228108,-83.6373095821239,-78.30428684821635,-25.04271561777216,5.643600017186384
28.0,-80.80738197211579,-11.5967685980656,2.516331656616224,-83.10572216627008,-78.41384108000302,-27.423663279845243,2.7804941261170084
29.0,-80.81747354840324,-12.929832511785126,2.5128120127729843,-83.19808581161702,-78.42190933408217,-28.19537960487122,1.842136424542126
30.0,-80.97516819705208,-13.840284682063823,2.373468760876191,-83.26608401586205,-78.65553118628453,-28.552950637372987,-1.2937723647157782
31.0,-81.12380013759555,-15.23980659179046,2.426573902734588,-83.48087764937142,-78.77913478209679,-30.462073695612332,-0.45042532565275906
32.0,-81.31323544321738,-17.605012256070943,2.1949203507239345,-83.42341584796,-79.12835079748179,-31.320677638201346,-4.263211289258777
33.0,-81.41973864471805,-19.503510702450267,2.120556093022275,-83.48490754900637,-79.35928269110002,-33.34096339378203,-7.0028366941324975
34.0,-81.71058735873207,-21.650048784410266,2.0806745748096973,-83.724181046659,-79.66344573296563,-35.42544466754072,-9.082553749515569
35.0,-82.02598370828258,-24.366685013501925,2.02632854632536,-83.92236430145171,-80.1070729909886,-37.82146456150025,-11.054821654624106
36.0,-82.24796421565055,-25.661036861390436,1.9716666498006037,-84.16794676864521,-80.40484275491997,-40.19895078227819,-12.113245380704086
37.0,-82.4493404981688,-26.384692496548272,1.877728190156732,-84.3232620085904,-80.73219978001828,-39.95501192558095,-13.35391216714146
38.0,-82.55952488295321,-26.549377189360392,1.995952890982841,-84.32442365071323,-80.79913326485853,-41.270416608291725,-12.39548315609693
39.0,-82.61364906657,-26.60986090181299,1.8230116098129914,-84.38630279547867,-80.84211232137068,-38.955847719121834,-14.33350694489576
40.0,-82.69733747470143,-25.70245366700998,1.9047326582412956,-84.60155477676092,-81.02391432881849,-40.04827235640573,-11.713180886116447
41.0,-82.647891985394,-24.979355134129268,1.9451598679954782,-84.49408178947967,-80.79734800740192,-38.87125640208512,-10.059647670049742
42.0,-82.56402063972381,-23.026999406258994,1.9963990333503325,-84.34059629425995,-80.64455376525265,-37.44396062730783,-8.270315242870936
43.0,-82.46975060001161,-21.355144290056742,2.039851985238061,-84.31511853423824,-80.48033778132981,-36.95847872000627,-7.526864577946981
44.0,-82.55417404545885,-20.67309125342479,1.9543937328343164,-84.32296488464799,-80.74197101172751,-35.900487500201734,-5.60739111953643
45.0,-82.52167621676392,-17.702971725212336,1.95833458428476,-84.35314504750853,-80.58384722487435,-30.93666724147198,-2.8770847276487075
46.0,-82.39753372774517,-15.6958604300352,2.1963883841236647,-84.43055152070755,-80.39568686025541,-29.907595054824583,-1.2227665896637632
47.0,-82.25733201032064,-13.388382011553892,2.110541511312421,-84.24348294698282,-80.15023272188772,-27.879283405332956,2.0314780232595733
48.0,-82.25362829546545,-11.00127853924058,2.201222204005524,-84.418286790918,-80.11324652347943,-25.071457500917518,4.333410793399626
49.0,-82.01981992336009,-9.217873473360426,2.3608994417660174,-84.22185311222165,-79.68656584862411,-25.717246275110085,7.054959638271052
50.0,-81.81963344155568,-8.319525313866933,2.478698541577951,-84.29021397139117,-79.36458847758345,-24.448721894597952,7.59428098647389
51.0,-81.74345635749975,-6.5749492556241895,2.737064193292053,-84.41387710445612,-79.04117687469491,-25.358922429287873,11.70802689554511
52.0,-81.61990725217193,-4.848566057058143,2.7704038402181133,-84.33978588754289,-78.87761961357815,-24.018341618809472,13.585109719649655
53.0,-81.56463643732376,-3.2244883202163503,3.3304670641706267,-84.81944090390935,-78.45831913705129,-24.712302310318933,19.308966767853104
54.0,-81.58281741969401,-2.1204725314040185,3.6940336858501706,-85.11812932888748,-78.06948805801406,-26.52433709234714,23.2234536453596
55.0,-81.74998374829902,-0.285461416821473,4.496665896944216,-85.83568916191592,-77.48876514200307,-32.52515169429148,32.78151780288447
56.0,-81.91210702365723,4.644665419528942,5.337372021110485,-84.39555400530331,-77.43906836450702,-15.860820619040283,26.231762668161824
